#1_edge   2_exp  3_gaff2  4_gaff2_err  5_cgenff  6_cgenff_err  7_openff  8_openff_err  9_cons  10_cons_err  11_fep+_5ns  12_fep+_5ns_err  13_fep+_20ns  14_fep+_20ns_err
#all values in kJ/mol
edge_CHEMBL3402765_11-charged-pKa-8.1_CHEMBL3402744_300  8.20  14.37  2.04  5.59  3.67  8.01  1.69  9.98  2.10  9.75  0.54  10.17  0.38
edge_CHEMBL3402765_11-charged-pKa-8.1_CHEMBL3402745_200  7.20  7.50  0.93  11.94  1.34  5.99  0.98  9.72  0.81  7.32  0.54  6.02  0.29
edge_CHEMBL3402765_11-charged-pKa-8.1_CHEMBL3402743_42  3.31  2.17  0.61  4.43  1.19  -2.18  0.74  3.30  0.67  1.80  0.46  2.01  0.29
edge_CHEMBL3402765_11-charged-pKa-8.1_CHEMBL3402764_90  5.23  5.86  1.07  10.36  2.22  8.51  1.43  8.11  1.23  4.44  0.42  5.48  0.25
edge_CHEMBL3402765_11-charged-pKa-8.1_CHEMBL3402760_1  -5.94  -18.95  8.90  -6.32  4.14  -17.82  2.97  -12.64  4.91  -8.12  0.71  -7.95  0.46
edge_CHEMBL3402765_11-charged-pKa-8.1_CHEMBL3402742_23  1.84  -1.95  1.98  4.96  1.62  -5.43  1.01  1.51  1.28  -4.06  0.50  -4.48  0.42
edge_CHEMBL3402753_200_CHEMBL3402747_3400  7.03  15.28  0.50  13.28  0.58  15.84  0.95  14.28  0.38  16.40  0.38  14.73  0.21
edge_CHEMBL3402753_200_CHEMBL3402761_1  -13.14  -21.63  1.20  -7.47  1.24  -29.56  1.43  -14.55  0.86  -8.74  0.67  -7.45  0.50
edge_CHEMBL3402753_200_CHEMBL3402755_4200  7.53  3.95  0.57  6.35  0.54  4.80  0.40  5.15  0.39  6.82  0.17  6.74  0.13
edge_CHEMBL3402753_200_CHEMBL3402750_400  1.72  1.09  1.96  2.53  0.48  1.57  0.29  1.81  1.01  2.72  0.25  1.88  0.17
edge_CHEMBL3402759_5.7_CHEMBL3402757_6.5  0.33  -0.93  1.58  -11.86  4.51  -2.97  1.30  -6.39  2.39  0.50  0.92  2.22  0.63
edge_CHEMBL3402759_5.7_CHEMBL3402763_90  6.82  7.76  3.54  6.04  8.90  -1.25  4.48  6.90  4.79  4.27  1.13  1.88  0.84
edge_CHEMBL3402759_5.7_CHEMBL3402758_10  1.38  -7.50  0.97  -10.37  1.08  -2.29  1.27  -8.93  0.72  -1.72  0.79  -0.79  0.63
edge_CHEMBL3402747_3400_CHEMBL3402744_300  -6.02  -4.15  0.53  -2.74  3.27  -3.42  3.88  -3.45  1.65  -9.00  0.63  -6.02  0.46
edge_CHEMBL3402747_3400_CHEMBL3402749_500  -4.77  -2.37  1.02  -6.78  0.26  -2.94  0.49  -4.57  0.53  -7.36  0.38  -6.78  0.25
edge_CHEMBL3402747_3400_CHEMBL3402751_2100  -1.21  -3.28  0.22  0.50  0.54  -1.86  0.73  -1.39  0.29  -6.49  0.33  -4.98  0.25
edge_CHEMBL3402747_3400_CHEMBL3402752_30000  5.40  2.76  0.51  2.63  0.20  -0.82  0.22  2.70  0.27  -3.97  0.38  -1.26  0.29
edge_CHEMBL3402747_3400_CHEMBL3402755_4200  0.54  -10.66  0.29  -4.43  0.63  -11.55  0.81  -7.55  0.35  -13.14  0.38  -8.91  0.29
edge_CHEMBL3402744_300_CHEMBL3402745_200  -1.00  -4.21  0.56  -0.75  0.28  -5.32  0.39  -2.48  0.31  -3.93  0.33  -3.68  0.25
edge_CHEMBL3402744_300_CHEMBL3402752_30000  11.42  8.25  0.74  9.31  0.73  8.24  0.47  8.78  0.52  8.28  0.88  9.37  1.00
edge_CHEMBL3402744_300_CHEMBL3402756_2.7  -11.67  -22.82  1.71  -16.49  5.45  -20.41  1.68  -19.66  2.86  -16.90  0.96  -19.20  1.05
edge_CHEMBL3402744_300_CHEMBL3402757_6.5  -9.50  -17.94  2.15  -11.19  6.08  -23.85  4.73  -14.57  3.23  -17.91  1.00  -20.42  1.38
edge_CHEMBL3402745_200_CHEMBL3402743_42  -3.85  -8.36  0.73  -2.96  1.80  -9.12  0.58  -5.66  0.97  -3.35  0.79  -4.23  0.54
edge_CHEMBL3402745_200_CHEMBL3402742_23  -5.36  -12.62  1.21  -3.77  1.45  -10.44  0.95  -8.19  0.94  -12.59  1.00  -12.59  0.79
edge_CHEMBL3402745_200_CHEMBL3402748_5300  8.12  -0.50  1.11  2.74  0.47  125.56  11.33  1.12  0.60  5.94  0.75  8.08  0.75
edge_CHEMBL3402745_200_CHEMBL3402752_30000  12.43  9.14  1.23  3.85  3.10  12.02  0.51  6.50  1.67  8.74  0.79  8.16  0.59
edge_CHEMBL3402745_200_CHEMBL3402756_2.7  -10.67  -22.31  4.26  -15.56  3.76  -12.76  1.59  -18.93  2.84  -12.80  0.96  -12.26  0.71
edge_CHEMBL3402761_1_CHEMBL3402755_4200  20.67  18.29  0.97  6.53  0.98  23.16  1.54  12.41  0.69  15.02  0.75  14.43  0.50
edge_CHEMBL3402761_1_CHEMBL3402754_40  9.16  6.16  1.15  5.72  1.05  13.12  1.61  5.94  0.78  10.46  0.71  11.13  0.50
edge_CHEMBL3402761_1_CHEMBL3402760_1  0.00  -3.32  0.69  -5.06  1.14  0.13  0.66  -4.19  0.67  0.42  0.96  1.55  0.79
edge_CHEMBL3402761_1_CHEMBL3402762_1  0.00  -5.76  2.08  -7.77  0.66  -3.84  1.89  -6.77  1.09  -3.60  1.09  -3.05  0.79
edge_CHEMBL3402750_400_CHEMBL3402749_500  0.54  5.17  0.37  3.14  0.42  5.04  0.36  4.15  0.28  7.03  0.38  6.61  0.21
edge_CHEMBL3402750_400_CHEMBL3402748_5300  6.40  6.31  0.42  5.51  0.52  105.86  15.51  5.91  0.34  7.24  0.54  8.24  0.29
edge_CHEMBL3402750_400_CHEMBL3402751_2100  4.10  5.88  0.69  9.10  0.88  10.58  0.75  7.49  0.56  8.41  0.25  9.87  0.17
edge_CHEMBL3402743_42_CHEMBL3402758_10  -3.56  -15.74  5.51  -16.94  4.03  -4.97  3.41  -16.34  3.41  -19.29  2.55  -14.14  2.43
edge_CHEMBL3402743_42_CHEMBL3402762_1  -9.25  -32.21  7.54  -15.65  6.41  -16.89  4.41  -23.93  4.95  -24.77  3.05  -19.37  2.97
edge_CHEMBL3402743_42_CHEMBL3402760_1  -9.25  -21.97  2.56  -17.55  7.03  -12.24  2.32  -19.76  3.74  -17.74  1.92  -17.32  3.43
edge_CHEMBL3402743_42_CHEMBL3402742_23  -1.51  -4.55  0.72  0.37  2.61  -0.60  0.69  -2.09  1.35  -6.69  0.75  -7.15  0.46
edge_CHEMBL3402743_42_CHEMBL3402764_90  1.88  9.11  0.83  7.86  0.75  11.42  1.06  8.48  0.56  2.01  0.25  2.13  0.25
edge_CHEMBL3402743_42_CHEMBL3402763_90  1.88  0.06  1.54  -6.61  2.47  -3.90  1.34  -3.28  1.46  -4.60  0.79  -6.07  0.54
edge_CHEMBL3402743_42_CHEMBL3402756_2.7  -6.82  -18.23  2.98  -15.74  7.56  -8.87  3.02  -16.99  4.07  -9.83  3.01  -9.71  1.80
edge_CHEMBL3402752_30000_CHEMBL3402754_40  -16.40  -21.37  0.69  -13.12  1.99  -19.18  0.85  -17.25  1.05  -15.27  0.46  -15.56  0.29
edge_CHEMBL3402752_30000_CHEMBL3402751_2100  -6.61  -6.50  0.20  -4.64  0.24  -2.55  0.41  -5.57  0.16  -3.93  0.33  -4.48  0.17
edge_CHEMBL3402755_4200_CHEMBL3402754_40  -11.55  -10.57  0.44  -3.87  0.48  -7.57  0.54  -7.22  0.32  -4.60  0.29  -5.65  0.17
edge_CHEMBL3402758_10_CHEMBL3402742_23  2.05  15.91  5.50  0.07  4.27  9.72  4.27  7.99  3.48  7.78  1.84  4.39  4.23
edge_CHEMBL3402758_10_CHEMBL3402760_1  -5.69  -2.91  0.77  2.11  1.12  -5.91  0.77  -0.40  0.68  -2.51  0.42  -0.17  0.46
edge_CHEMBL3402758_10_CHEMBL3402756_2.7  -3.26  1.84  0.92  -3.63  0.84  1.03  0.96  -0.89  0.62  0.88  0.42  3.56  0.67
edge_CHEMBL3402749_500_CHEMBL3402748_5300  5.86  2.20  0.94  2.83  0.46  112.01  9.21  2.51  0.52  0.08  0.38  0.96  0.17
edge_CHEMBL3402757_6.5_CHEMBL3402756_2.7  -2.18  -2.33  0.53  -6.86  1.77  -3.36  0.62  -4.60  0.93  1.21  0.54  0.42  0.33
edge_CHEMBL3402762_1_CHEMBL3402760_1  0.00  4.08  1.34  4.89  2.41  4.54  0.73  4.49  1.38  6.36  0.42  5.82  0.25
edge_CHEMBL3402742_23_CHEMBL3402763_90  3.39  4.52  0.83  8.19  1.13  0.16  1.13  6.35  0.70  -0.42  0.38  -0.75  0.25
edge_CHEMBL3402742_23_CHEMBL3402756_2.7  -5.31  -15.23  3.73  3.84  5.35  -15.56  6.61  -5.69  3.26  -11.72  1.55  -6.99  3.35
edge_CHEMBL3402748_5300_CHEMBL3402751_2100  -2.30  -8.60  1.33  -0.38  0.38  -119.56  11.32  -4.49  0.69  0.71  0.54  0.29  0.38
edge_CHEMBL3402741_400_CHEMBL3402763_90  -3.68  1.15  2.09  3.51  3.45  3.25  2.82  2.33  2.02  -1.13  0.42  -2.26  0.42
edge_CHEMBL3402741_400_CHEMBL3402756_2.7  -12.38  28.05  5.71  21.34  4.61  43.38  6.96  24.69  3.67  -5.82  1.09  -3.60  0.75
edge_CHEMBL3402741_400_CHEMBL3402764_90  -3.68  1.29  2.26  7.92  3.05  19.91  0.96  4.61  1.90  4.48  1.09  1.30  0.79
edge_CHEMBL3402763_90_CHEMBL3402764_90  0.00  5.65  1.13  2.24  1.54  12.34  1.05  3.94  0.96  9.50  0.79  8.58  0.67
